562
2935450
208962
564
1499973
28901
599
54736
623
622
624
621
158836
208224
2077137
2497875
2742676
3026145
2976431
1914861
2870346
3104013
881260
539813
885040
1639133
67828
1748967
67827
67826
1702170
1573676
2861802
2546350
1914243
1563222
67824
1259973
1134687
577
2492396
1158459
1005665
2545798
413503
82977
1851514
1199245
2871826
255519
3031919
703
1972431
338565
79967
665914
632
929813
138074
1905730
287
1149133
2604941
2866282
1785161
65741
1605838
226910
1697053
40216
70346
1028416
3043330
747
726
762
2072406
1903694
3035692
485447
137584
2055892
108010
3022676
205844
2082188
13690
1223566
1325111
2590772
2057741
1355477
1404864
190148
2898149
1076
270351
39956
2082949
921
280
1894999
1063
134537
84590
29575
2782176
2970464
457921
394935
2980100
1188319
1351
1352
44008
1354
37734
2057791
2230877
1353
357441
53346
33945
118060
2839759
71452
2714946
1613
1598
1633
47770
33959
1604
1587
147802
1584
1601
89059
1583
1631871
3025672
637971
29389
102684
1335
2686210
150055
315405
1501662
1336
1341
1304
1888195
149016
1358
1868793
2496265
2094020
82803
137732
82801
147709
96241
1423
483913
492670
72361
2054641
1452
293387
467262
2715209
2916802
2213194
1280
985002
33028
29388
1290
1288
2892440
1639
1642
1640
1006155
1643
1306526
2921711
2741301
2878915
365617
198119
49283
2918900
1619153
41170
1214604
2490858
2929493
2929491
2929492
2929494
2929489
3030639
2929488
2929490
853
411483
214851
292800
288965
2763056
2109687
2108523
438033
1161942
657323
2780922
2714358
169435
2714353
2714355
253239
3030016
2666138
2093857
2966552
1155388
411486
2507159
2779445
2212991
1534
1561
1502
1501
2320868
154046
2576307
3036945
2086584
1297617
2293838
3079303
3079302
2041044
3030017
2086585
1712410
1564
471827
3046382
53443
1796616
40520
2877527
2479767
418240
33035
1532
1871021
29347
89153
33039
46228
3028070
1653434
333367
208479
1531
105841
1229621
88431
39486
168384
1261634
301301
2763062
166486
751585
410072
33043
45851
43305
39488
84030
29375
29370
2763667
2696063
433286
3123317
2709410
2490855
617123
39491
2785025
2173034
1496
89152
261299
3114296
1776384
86332
1731
1424294
2316383
1981510
29348
1522
1547
100886
2944914
2583452
2487118
1702221
29466
1675036
187327
905
2823317
3054208
158847
1852373
78448
1694
33905
1691
1765219
1685
3075198
2903806
2975892
67376
114687
2984842
2731680
629680
103817
1725
2055947
1830
319706
2975959
1747
712116
2716812
84112
2690837
502558
1870985
471189
1335613
79604
1531429
84110
1805478
2779519
120962
1536648
271
221341
2585118
538949
2585119
46506
329854
162156
2650157
357276
1501392
165179
2829812
28123
185300
1018
762954
2015076
2932250
2675878
1385663
2933777
1102
861299
2831967
2995304
69710
167
2798577
159
1210884
1184151
826
544433
428712
200
361111
2763107
9606
2931976
2956038
2956040
2956036
2956037
2956039
2956041
2956305
2956302
1982380
1747287
1982381
1982379
1982378
1982377
1921005
2734022
2734021
2956650
3060365
2734275
3050247
1855352
2078691
2837956
2975769
2831149
2903643
2975751
2903652
2903634
2976008
2779671
2835531
2903859
3041765
2750025
1837283
1938841
2975742
2903861
2975706
3111774
465541
1188315
1262452
3096009
2850561
2986803
2975691
2903810
2903809
2662065
2903637
2099583
68274
54571
68209
59299
67294
42881
2991496
35620
80860
146923
202862
67351
2508722
67304
67352
1727
152794
2754725
1230998
1408191
1414719
43770
134034
89154
2903594
2915130
546160
39688
2775496
2094119
28026
344163
2714935
2968831
529884
1357915
2600159
2972479
2813727
1775880
37929
1331682
2017484
2509457
2897773
2779775
2904523
2903585
3016096
2862460
2976000
2803858
630515
2760308
2831968
2903898
1660
1302235
133926
1871022
2003188
2051957
49319
1623
508451
2107999
1600
165096
137591
1580
82688
1834193
1334
1313
1311
1868794
1903686
1566358
1532905
414771
1464
2682541
561879
1296
1499687
33943
2994078
1510
3045146
1264
3029272
1529
360422
1716543
1491
2855394
73919
2576756
1736
59610
79209
3070215
39485
2068655
2918914
3081750
1490
31909
2582419
248315
423477
39777
907
69823
2478954
3070999
3035694
1278232
3070995
3109564
502394
1309411
317577
187137
577489
1353147
2148
2151
357808
535744
2027290
1778540
1082704
63612
3029055
2815936
46679
380021
1583341
359110
2364649
219572
3041098
857252
2743
2708350
2517899
2203895
3018991
334543
48296
106654
470
3020716
108981
1432056
730
505341
2761107
415229
216778
207949
271098
2950245
1965282
3030492
447471
669
1432792
1325120
1325100
1404443
3140244
376
83637
2782665
1197460
3039159
2976822
2782654
1404888
3140245
3080015
858422
29448
2748629
1419277
1437360
44255
280333
2840469
2202826
2493673
7
453842
1335048
1517554
2899123
152682
657642
172043
171437
1977865
123899
85698
75697
1472345
488447
101571
95486
1636423
28095
329
948107
2547399
1758374
1743159
1842537
94132
2861282
2919578
1707785
2045208
2769491
1141883
2067065
1196083
1055487
77095
305719
28135
2518605
52227
2913616
2937774
2691580
712471
652716
282402
28131
28129
2913614
28128
28127
454155
2133944
839
28113
28119
290053
477666
387090
2606626
1796646
1642647
1642646
28118
544645
328812
397865
36874
1127472
1639118
239
992289
3003257
2518177
1761453
983544
1630406
2918526
1336794
2937786
2736252
2983267
1241982
191579
2932252
1705399
390884
387638
2674997
1097
56
2567896
85991
83558
409322
150829
195
2352
132132
2743089
35746
430914
2315
1104324
2983230
2983212
2983222
2983235
2983220
2983229
2983214
2983236
2983228
2983219
1683
1689
1603886
2020965
762210
638619
1687
2702
2792977
2792978
2792979
78258
78259
2932182
3135260
3135257
1916917
3135258
3049071
69367
199592
2614639
659012
3049047
2175635
2175667
1898733
1784719
2609252
145458
2499157
535712
2846775
2759943
2994664
1159327
2830983
2017685
2020486
2987701
3140789
2651199
2830990
2830999
2831000
2963432
2996261
2830996
2964610
2184581
2565366
290399
2964609
2817475
2711328
3092262
2772401
2931399
2590785
2851598
2596911
3018929
2590774
728066
2697569
361575
121292
396015
2810516
3047030
85336
2047
936902
574650
3023076
3041264
2735317
2735316
29320
2600320
1548602
2020377
2567881
678932
1646
2886045
2898795
2697565
1136497
2761047
857417
53458
1285192
1652028
1630135
2934161
1288636
767452
2589797
2714931
3075620
1930058
2897774
1274
2716227
2975688
2903816
2903801
3028711
2930049
2975748
2931983
2059884
1522758
2903684
2855836
2975736
2072505
2975701
3090667
2975713
2903669
2903646
2721246
3041497
3125779
2951988
2975945
2903808
2975719
3020055
2975777
3096006
1664033
1984801
1821625
2939414
2903830
1577075
2903874
2594462
1961713
2903894
2056258
2202000
3081765
2903672
2993654
2607753
2109593
2099584
2083284
1964449
1649184
3074897
3075825
646637
3144102
1795888
2975918
2903627
2975924
2879427
2975943
2797167
2748873
2980556
2738410
2841662
2971798
2903883
2903880
2903876
2975734
2903860
2903837
2975718
2903827
2759525
1944
1783515
188770
3031124
2865673
1886
68249
33900
67367
42684
53451
68232
146922
68231
68219
887464
68192
68203
33899
1916
2975964
2903575
2903565
2975961
2975960
38288
187491
38289
3017361
3059080
2044576
702967
99807
2883169
227319
2768834
2079234
258224
1336740
169292
598660
1724
38302
2684405
203263
2488819
38301
42817
2320431
2041036
1231000
39791
131081
2487892
3049801
38290
2675216
136857
3049799
441500
571915
28028
163202
108486
575200
679663
2719119
1471400
1050174
146827
2709394
191610
234828
2079535
35757
44750
1852390
37637
2804917
71254
1862358
258505
1804
319707
1793
134601
98668
388459
1534348
2675523
1138383
1784
470076
120959
886343
590652
1773
480418
1809
169765
1769
1780
39689
29311
3027808
1578165
1520670
512402
3064288
1069221
2975997
37330
1653478
679318
2663121
2907624
1033922
1829
2982699
3075837
40516
2758710
47312
57704
499555
639313
286802
706438
1851395
2081702
2057743
1852377
1656
2744574
2560010
2722820
2737173
461393
52774
2763540
2321394
675090
3036302
2051
59561
445930
312285
2794089
2709403
3059028
2758572
52773
131111
181487
1803177
999183
131112
28264
2692125
178339
59505
190146
2495645
66228
2811781
2486272
1774216
1804624
2575440
2894081
1542737
1285901
1744
1749
2057246
33010
3016342
2714937
1547448
546874
3052086
1871034
3016419
3015158
3016097
2975977
3016092
3016087
3015167
3014995
3015156
3016103
709879
47850
53362
1866
2653857
2975956
2842453
715475
2665642
2268449
3031114
2047744
53437
2021
46165
1902245
1884913
1884634
2811108
28049
1382
82135
2844380
33871
84163
1944646
2937800
53635
2653852
42256
228229
1622
1605
3050131
762833
35787
104955
1632
47493
2742601
227942
2594495
2983210
2879107
2695882
2594496
2099788
2983208
2099789
2976676
2993455
1596
109790
151781
2269374
1579
2012495
303541
267818
271881
1589
1590
60520
2993456
47715
3068305
1597
2100821
171523
88233
2698683
1252
1245
392416
83526
2714036
1007676
1847728
1074467
304207
380393
267363
155866
1629
1162633
1249
1720083
1254
114090
187452
1255
51663
1303590
2923362
240427
176292
1610
1607
375175
1581
1588
152331
33962
2883998
468911
1618
53444
2940301
1625
1614
148814
1218495
164393
1599
60519
28038
2932184
336988
2203724
51664
1603
2925830
1296540
1329
1303
1302
3028082
3028084
2975349
712633
2664091
400065
68892
1346
1338
1328
76860
1318
1309
1349
1305
28037
1314
1326
1814128
1310
113107
1825069
2021971
102886
2781599
1234680
1917441
1811193
1111760
361101
1348
1343
2173853
1340
1433513
1156431
684066
257758
1940789
1359
1366
1281486
2419773
1151742
1363
1859475
3031993
1805431
2230879
1834192
2230878
1834167
167972
44009
160453
2005703
41997
2562451
633807
2991418
81947
2714947
2738
2571750
218144
290335
51669
526944
33970
189665
2751
2748
208596
2908211
708126
1911586
46124
29394
87541
2976810
1377
128944
119206
1376
2036206
13076
2885764
178214
46125
2969821
89093
1536772
1536773
2908839
2954535
1870819
2282849
2895946
3073092
2954525
2859228
2954752
3078263
2762320
324057
715179
2954526
1695218
1536774
2921652
2954506
2921651
2921495
867076
2921677
1920422
2996034
2921687
2758563
2921361
2921399
2921460
2660554
2921636
3122489
2954679
2954742
2954691
2921654
2777983
2954661
2925845
2921679
1906272
2918901
2835869
2866810
2921714
169760
2704462
116718
483937
373687
162209
539262
2810347
2509456
562959
1619311
1406
2909671
172713
1763538
44251
253703
2707005
44250
528187
521520
130049
2704463
1886670
1174501
1338368
2975482
1870820
1462996
682956
2495582
1178515
79263
1473112
2565926
61624
189691
1873425
1333845
1472
375489
44252
1616788
307580
248903
171404
159743
3026433
1401
1126833
2496837
1465
1393
2796470
54911
2728023
2674991
2507935
2598458
1500254
3022697
377615
1428
1396
2026193
64104
2026186
1392
580165
1890302
1405
1390
659243
227866
260554
1402
1648923
2709784
352858
2587848
3129297
1705566
666686
3035514
3077585
3052091
1581038
2589818
486398
2049935
2499213
98228
2874284
2014076
3073816
86663
2819290
1408
1547283
1471
1455
2728853
1441095
1983719
1664069
1479
1404
412384
86664
1402861
3048535
3047871
2954672
3070679
3070678
3070680
3047874
3047875
3047873
3070683
3070677
3070676
220687
1193713
1740721
220684
2936682
2169540
2921721
2954544
3122488
2921718
759811
2086577
1714840
33935
436516
28031
228899
1407
264697
1478
450367
2975289
2921364
1399
1637975
2901381
1742359
859144
665099
1532552
2932257
45668
1570
2932258
554880
2991053
1017270
1221500
255247
189381
218284
189382
198467
247480
294699
33934
2700081
2419841
2831673
403957
2017483
1482
302167
163877
1216297
2692425
2777185
265426
2921503
2921699
2954748
2052660
182710
746691
2099786
2567941
3117746
2897333
2806989
1535204
1426
1295642
81408
3077789
1397
3082444
2912824
2499688
1737571
1921421
1233873
391290
33941
33940
129338
860353
361277
2921447
2850441
1398
1476025
79883
2911514
1472767
2518176
3131995
3043332
2880221
279826
2829187
2921389
2283160
2924031
85683
632773
33936
1868734
1467
208199
2663022
2844358
2594883
2729421
296745
2593652
2921616
2980027
2980026
2933872
35841
254758
2954699
2924034
2924033
1413
79885
86665
2651284
1667239
199441
1230341
79880
985762
29382
1912064
29378
283734
53344
2282419
74706
170573
155085
70255
1283
522262
29385
1292
2044912
46127
1293
1294
2781774
246432
3051183
29384
2912228
46126
61015
29380
28035
586733
1955013
69967
1902580
2875764
69968
198483
1855823
407035
1232430
489910
42858
2962659
643214
946435
3056445
2818390
3020056
2954701
2942204
2810514
3056444
2921557
2283194
298596
1474
1571
633404
2058136
3058393
3058398
3058394
1526927
161360
192421
2233542
2213202
1302659
1215089
1038856
367743
2954684
2048654
2921713
2921639
2954511
2912187
76853
2921401
2320858
3049086
1650
33946
2921431
2779527
2921704
1497681
1641
2756
2665646
2796143
392011
1450
2931921
1903704
2743772
2055160
1471761
2026
37482
714067
1125966
33987
3112419
1399115
332410
132920
340146
307643
273528
3028315
269673
1379
2840371
1817405
487173
39950
1232428
2682455
39778
2682456
712538
1884263
3095337
712528
713030
2754044
135079
437897
865
2378
307249
2377
47679
484770
365349
673273
1930071
626940
1737424
185008
116085
66219
3070997
3039116
1727145
2763670
185007
1679721
3059030
36835
420336
2934315
1185412
1348613
28446
3070814
2497860
29360
879970
2929495
2564099
1160721
2766537
1515
1677857
884684
1521
2488810
29362
3070656
236753
39496
2841528
52694
2184575
33952
217139
2815577
641107
3070996
755731
2930219
2483110
97138
238834
36745
704125
1504
36845
1488
332101
1520
182773
2068654
36839
169679
217159
1493
1492
84032
1497
1216932
94869
1548
46867
1509
29341
84022
1513
3029174
3023090
2726954
1286698
2599308
1041504
554949
2811778
3050072
3111540
178899
49338
233055
142877
36854
885581
1563
339862
2907827
55583
51197
3046383
35701
671077
2734
1833852
1761012
51515
1561005
1738647
3110227
2731377
102134
863
86170
863643
2724150
2708053
1507512
1115758
1505
3003601
36841
2507160
433296
114527
114528
208226
2731219
461876
1734049
2325
85874
42838
2755338
3061989
1550240
1517
2796927
129958
911092
252966
42422
28187
1323375
2682810
656519
1525
676965
55779
2138101
2528593
2751313
499229
291990
626937
3065157
375929
2714929
2714930
2714928
1648
225084
2890314
2485784
1514105
2806552
2834459
102148
1796635
1982626
2899121
154288
2735723
2806443
54006
3016343
54005
3036300
33034
1287640
72026
1260
2931922
1556
2507161
45497
2816908
46507
413888
1387555
2806205
55205
1871025
338645
195253
1400865
1173263
1050638
321332
1442554
2741953
1916956
2789857
2751170
1968775
1353138
1400866
2511069
221352
32046
292566
1501268
3096221
3096220
3096219
1219
261284
2304190
1147
111781
195498
374981
1617448
1615909
669359
65093
2546360
2546359
2859516
2874213
482564
118323
1155739
2576902
103690
1618022
3134896
1164
142864
1620816
373994
156213
70799
2597771
1170562
2906798
2917832
1184
2812896
3045816
1112103
2963092
685565
82654
33072
118163
3040204
102116
3065396
33070
1173032
1209493
3037479
2814275
2737050
68909
2080419
2652443
57497
328692
432329
1768108
55148
2202254
310783
52022
1111069
56956
56957
2483360
277
172827
3066276
216934
216938
216942
74700
264636
29552
38986
2102
2095
2123
2810348
2120
42094
134821
2096
2725268
2782163
2601677
1839801
3127115
61435
3038979
1495650
1986204
152260
1108
3003348
166501
2509675
454171
1005039
500
2913620
2913621
28132
470565
28125
28133
2801997
589436
1177574
28137
589437
76123
454154
2847299
3117552
2763022
556259
2528203
2785531
291644
2715212
674529
291645
1796613
2792859
338188
2650158
28116
376805
2530390
2094151
2518971
2662363
1470347
626932
1760811
712435
837
28124
322095
393921
867595
1243007
823
46503
2685834
2951805
1217282
387661
712710
28112
1099853
2093856
1472417
1472416
2023866
2714926
45254
1307839
511435
2590900
2706887
1168034
2010828
1573825
2681766
2949635
889453
570161
1717717
2060723
2987689
2987688
2835648
1356852
1484118
3093922
2584940
2675877
2714932
2596915
2319843
1446467
2932254
2932251
1385715
2932248
2502781
1411621
2607656
2761579
748197
2999067
497967
2615203
2932249
3074898
2592049
388950
400092
2694929
323450
2694930
2086471
512763
1379910
1379909
2698458
2057025
1379870
2735870
2666025
564064
2898794
3128900
2745947
2728024
1211326
2692134
2704465
985
2906456
2910158
94254
2747268
2906443
2909339
651143
106
2259595
2268026
2907205
332158
2904245
2904247
2904246
2810512
2321403
104
320787
2705473
3097546
388413
2591634
1795355
280473
373891
1191459
367791
2494373
1324217
2994555
333140
2696560
3059078
1006
2010992
930972
1397264
931531
2916755
2975157
1784714
1182444
866807
2979464
999
650378
2986823
2724135
2775246
2986827
2478552
2748319
2885633
2986837
3120525
3092665
1179672
3031997
2201181
2602769
2175091
2937442
986
2748320
2816357
2893885
3003261
2172098
2162713
2547394
2895947
871694
3003259
2893886
683124
1678728
2906076
1310418
1751095
2830782
1871076
2183896
165435
1017
327575
1019
1316596
2545799
45243
28189
28188
616991
254955
2698672
111501
2905121
2654676
516051
252307
2908843
2908842
702745
2572594
3119977
248906
63186
3040348
101385
343403
754423
104268
3018315
2781243
1850252
2908210
2027857
1170699
2496866
930802
331648
2058134
313598
1336804
2806551
996801
1920034
218490
1913577
2705471
1250205
411153
3060215
2809707
3114359
2929510
754409
1936080
2697010
2686078
1382466
2562285
2900738
2584122
1714848
1714860
1714849
1942464
2686362
3015168
2779359
398743
2202721
313603
2976127
1178778
1130723
2893202
1736674
2779360
57029
2570561
3028318
1165090
2507538
2583587
1798225
1850246
2529032
1336796
143223
2094025
2744027
313588
1871047
878220
3093923
2745153
3042315
2893882
1721091
2864040
2487064
651561
2547600
421058
1493872
373672
1265445
192389
254
1241981
1807141
1324352
246
250
1416779
2908645
2852098
1241979
2500547
1735111
28251
1014
3103144
1118202
1117645
1756149
238
103810
34085
237258
2758037
2829795
2862509
253245
2761580
336810
242600
2853439
2961941
2713573
2996035
3058432
3031802
2986767
2662364
1010
3025669
28454
371142
797291
3025666
2778902
2703789
3029053
3025671
2929803
398053
2682091
398049
2305508
2027860
551996
1550579
1234841
2740462
862126
1173583
652787
2567937
3140251
2995161
2714940
430522
984
188932
2766984
332999
336820
2911172
995
2764720
2592345
151895
496056
3133966
2604421
2203219
1004
2267521
2676868
577386
661481
2875539
3051121
2875962
274537
2976335
281093
1974213
1868325
1092
34090
100716
1457365
2651167
591197
833
456827
580
61648
2494701
2724468
2720029
2831890
2153354
2026240
2923366
2861800
2742624
158823
2725560
283686
61646
2479367
1778262
3118169
428411
379893
1048758
137545
47917
2785630
2986763
1327989
82995
2597702
42906
82996
263819
2992843
29484
633
29485
28152
2339259
33060
630
29483
2703885
2816248
1805933
34038
2060066
1513468
204039
204042
1089444
3057057
180957
69221
2108399
55208
2488639
2738983
2914983
1507808
554
2042057
69223
1109412
55213
2886821
2654192
592316
3037258
553
470931
1235990
3098669
2052056
1615494
2872648
665913
1922217
55212
1324864
55211
92490
82987
53336
1848580
546367
569
93378
1263550
67780
636
587
333962
588
126385
2828763
1987580
584
290110
351671
40576
230089
158849
2879119
2697027
1239307
47735
85402
2770636
85404
111844
1032623
249188
727
735
718
715
51049
716
230709
189834
720
754
753
732
714
728
2911527
123824
738
2030797
731
1443036
301
2730851
3087234
2893890
2745519
2479392
2895480
3043441
1573719
253237
2804761
2870840
2895495
1283291
658632
1506334
2861775
2862945
2866278
2867409
2895482
2895490
2749999
2976884
3028807
3048613
3068639
3122375
3127459
2954093
2697023
2678257
2219057
2871095
75588
651740
47883
1421430
2078786
47877
317
46257
251699
2493633
2726956
2745495
1148509
2812000
2842354
2762577
1615674
2842346
1163398
2745511
2219225
1628086
2745514
2600598
2774461
1302376
2666183
3093767
2745503
2930213
2213226
2917715
1671721
3141582
2570351
1305740
1033846
418719
1917421
2939415
2072413
2072405
2072407
128780
487698
2799325
2764185
435897
1003114
1324796
2081477
2724121
339
1843581
53413
2775159
2371
1444770
2771436
2911537
2501295
1849581
323415
993689
2893469
2992143
3035470
2883106
507763
2749040
1971364
2562282
1949083
2609415
2758724
1055101
698828
157779
33074
91844
48076
518898
2895352
707589
119864
2065312
2071621
2066133
2726122
2773454
264739
981605
355243
187493
2614693
417574
651666
158327
2918516
2872754
3009078
1027273
3070815
141451
418701
1336806
2683272
2778056
2778064
2033032
3081770
652
196024
218936
29489
948519
650
73010
3081199
1416627
263765
43948
2047966
2977120
83771
2864203
60478
2814294
3050637
93973
2590015
2746932
1987584
2520507
43661
70863
62322
38313
558541
712036
2829809
56812
2864206
1738770
2864213
2547970
342950
2587843
1514074
116092
1709477
2822842
43657
298657
161398
28107
339617
882626
227
247523
107327
2820710
2744479
1816218
2497879
28229
2594005
1230533
1967665
2267264
2961948
1714845
1479524
1858656
314275
914153
2303538
2785918
300231
680279
3042615
197222
1526571
90736
44012
2724191
3095365
3100175
1874361
2100422
357794
691
663
670
28169
1381081
391586
3042300
2785124
2819101
296199
435912
92172
474394
379097
29498
2025808
1481914
29495
446374
552386
1117707
675
1074311
190897
1481923
398736
1435069
689
685
666
55601
1918945
413402
1481663
2100116
184755
3027472
2912855
553611
1935446
38293
680026
865757
2872157
3111011
673
1908198
1335757
2666185
233100
2740807
396595
1763998
2545632
3019969
1166950
1814290
133539
2699430
927
1860122
3065865
393765
1543721
191960
1811807
2563897
2953738
2798861
1407071
2714110
3120518
3045147
1646498
2905879
2609668
1808001
1530123
1879050
40215
52133
2006115
2004650
280145
2662362
106648
1415574
1699622
3076087
2953752
480
2904119
34061
2904121
386891
90241
90239
478
2785785
107637
3021710
2963939
3058963
2608981
1538553
702114
1704499
39775
2911520
1808979
95641
3034230
2745199
2591606
2904242
2681547
2587856
1769779
266805
1987723
155077
2426
2731756
2731755
3034506
86304
2909669
1620392
2794344
1470434
2518994
2601894
285271
2881052
754476
2739063
2580412
2039724
2267253
2675054
2675053
1238
39765
2891210
111769
2735563
96472
1547445
2589986
263
451
446
28087
28084
2708020
452
29423
2755562
96232
463
3077936
2749996
2866573
2908648
870
400946
112009
1972068
2704655
3120264
2704654
1970738
1196095
1635327
1076626
2508687
1972134
2738883
261964
1561924
914150
883811
1248727
1548547
2775403
2020313
3138253
1138189
50338
2580515
1279031
1842536
648995
380
110321
106592
352475
309868
2305987
114615
1325112
2782641
2954771
288000
3039158
3139729
439387
3080014
3080013
3080012
1521768
1566379
2782659
3039153
2831780
2898442
2782662
55395
244734
2992140
1404768
1325095
83627
1325107
3056648
2736875
722472
1404411
1404367
1274631
993502
858423
108015
1325090
375
3034676
475937
1882747
290
2493674
3074855
28104
2066070
2599600
3028735
121719
1936171
2304600
2813779
2894310
269660
374432
408
2528964
2821140
2826993
1608628
191302
1867715
2020412
1871050
3080057
1235591
2712222
3077946
165694
2267275
388640
33047
2750995
33045
2961895
134
2885079
2937787
3114300
2735134
3078265
2219696
3014784
2596913
2997354
397260
185951
2764186
2599297
2698679
1549858
2789327
1855519
1332080
3109595
2675225
158500
2728851
1763828
361183
2872646
2771430
2759707
658446
2922394
1499308
308754
3131928
3137370
1850250
1826607
1217908
2867023
2867025
2829501
60137
1891787
2867012
391613
1844006
1229727
1579316
33995
318683
1293412
661191
2697033
2771361
2762277
2984322
220697
1891279
2602016
293
41276
33994
779
3077948
2486578
2115978
1921001
86106
2857064
208216
2599305
2829596
2829597
1388755
1124597
2918299
2977320
1034889
80866
80867
296591
553814
1678128
1436290
152500
87883
60550
13373
1179675
2880218
261302
420952
2026199
1761016
82633
68895
2689109
3047864
2576926
1855880
2689107
1855910
2689102
576610
2081042
2527775
2878150
2268024
1553431
1177211
2660641
3123041
3068633
2728021
80842
375286
1236179
2590869
55508
933080
2946593
2058624
3073561
2058625
158899
2813780
1982755
302406
1481665
2716226
2714952
76731
452440
2070761
391953
2898431
267212
655307
2972775
2912675
3077590
490
488
1470200
1853278
2709396
1853276
1931275
487
2528037
539
504
502
1522312
2917790
153493
2809020
1906741
682798
537
2496266
2739061
1108595
2735795
251747
1778675
1537400
1590041
519081
57480
96773
3135646
281362
1751046
359408
2588535
2588536
1581557
2778876
266009
1662285
3070658
42353
370405
2600596
2675298
416213
33056
1921086
2994951
2718620
1725232
631220
182210
2973072
1716143
641491
2725288
879567
2880651
2678688
191026
2795000
2604158
879
2583823
296842
376490
873
29546
3004129
45663
1603606
1823759
57664
1842532
483547
219183
1277350
35554
2815309
28232
2897342
2740185
313985
2916410
1203471
60035
1986146
894
2795293
2772557
453220
3126740
2740163
65555
84980
2569540
2653858
947919
240139
2293
2296
45655
897
2810562
181663
218208
2047767
1653476
171695
2358
119484
1679444
3040764
2711231
2736
2824561
2995170
2819286
2707525
2974023
2909285
2576891
2862869
395922
3092156
2866311
511746
2796139
2730359
122
2605989
2527971
120
119
2528026
2528027
2527996
2527995
980254
1930274
980251
1632865
2528017
1930273
2527968
2795974
2527979
2527984
2943192
2528024
1400387
1930276
1331910
692036
1936003
2528020
2807512
174633
389348
3064277
2697043
1307763
1930593
3041439
2813577
744515
165
58231
162
81028
53419
163
2787628
138851
158
886478
1129264
1131707
1131703
273376
1963862
2038653
2518645
55206
154
46355
1307761
215591
2608247
42109
28182
29507
1513297
172
408139
28183
29510
84378
52584
1933044
2051959
2763071
2703788
2211140
1592106
870903
1617967
2602070
1002689
1765020
2927980
3068889
3068640
1962974
2927975
188475
2851959
1249480
2509341
2022749
199
2983836
824
1780362
2042961
1655500
197
202
201
1591088
210
222136
3040201
2849641
217
66821
1854492
194424
28200
28198
1355374
663364
223786
2993563
387092
1197717
81412
108007
81462
638849
3068894
185448
3029084
76859
850
859
2663009
285729
155615
856
849
554406
157688
157687
157692
187101
2220073
1732569
2748865
959
349221
453816
1915309
1548548
2600177
423605
1408204
1408281
2841264
2572088
2093824
2735562
673862
187145
1508419
119394
1184387
180
1936990
2973512
42253
28262
118000
197162
14
228745
309805
936456
1794699
60847
3075121
2904243
3032001
3031916
2743090
1547898
302484
2246
2252
634157
2497325
2982524
2247
2949307
2572921
755307
1515595
1379040
3075123
1853690
2866381
2878680
2871694
406552
370324
2961570
1699371
69527
69525
3034020
2953881
2953746
2953747
2675099
2816475
3132747
62320
3068275
2951804
29288
1487865
387341
2961597
1453760
1586232
353800
745377
44930
2961596
229731
869886
3026162
1198301
2962671
2934937
2961595
2961599
1592728
3033389
3033388
3131993
3058903
2610902
2878391
2961574
3033392
3034026
2962672
1710540
1046043
1679096
1364945
2841257
2980181
2902623
2039234
2902624
1407499
223182
555573
1853682
3032283
2866382
2884875
3120516
2953750
2953748
2650975
2505977
413810
1333523
869888
118126
54120
299308
475088
3028294
218300
570267
2224
230361
83816
224719
2320
72803
1712654
113653
1291540
46632
2285
242703
229980
1470067
3060379
2859633
3050362
2107709
1349409
2080449
1246
1178537
2908840
373068
2913502
355249
68175
273678
2894187
33889
2789424
456163
82989
1574161
1699621
1699624
56811
1720344
571800
2733866
2772254
2983299
330922
45610
256326
2004644
2983215
1879049
3003393
487316
2866592
107445
2895494
3094846
1602166
321662
1880678
2827233
2714936
2781023
2724122
2597518
3031727
2609667
2908650
28108
1816219
485448
2746230
3072790
2908646
45658
136468
2923279
1945512
716816
754477
40223
3039155
3049772
2854389
990078
31998
2500532
2732163
2982615
1809410
496
493
2654325
3073563
2986831
3097547
1784713
2038737
3003260
2893883
2502784
2745563
1775173
76832
2494375
1888890
561061
2578106
3080537
2996785
2724901
244787
3060317
3050243
2077149
2066049
2742668
54291
1906275
2774055
138072
291112
3043445
118613
3127460
3020907
2895473
1855380
169669
3040598
101564
2954082
203192
3051119
86188
1699623
2601122
2929509
2785909
43662
3139728
40137
2587854
2699395
2903900
876364
321985
1815583
28449
2785627
2582830
3044568
197614
2954675
324767
1422
153151
1536770
2382161
708131
98671
2489213
28903
2918453
1355330
1855336
2754694
2983606
249402
2482728
981385
34105
148813
29419
179637
2878535
1921008
2734026
1002724
115808
1404429
3039154
1325102
1325114
574727
2782678
2782660
3140247
2599819
2782655
2782609
255045
1549949
1325115
2592815
340268
3119830
2015316
3133697
1670800
2986922
3138254
2364272
2819994
3024248
1538158
3019932
1353277
3019933
2579248
430451
448181
418223
2883126
2917991
2984530
2866279
1881061
2986949
2986924
2592625
235
1449781
173366
655353
2898433
1517551
1381597
1390395
2955313
2972485
2878545
1592790
2547601
1267766
69395
2579977
1532555
2986928
1827469
1325724
3059027
438
574987
257438
664962
3035476
2785908
2560057
2748098
1591409
2978973
2867024
1389005
3100174
1968541
3079556
1389011
225422
1397108
681157
53501
2966453
2293862
259304
2724
1866326
3037696
2880990
2880988
2920269
2015348
1705310
2811789
342113
1637837
2735433
148447
311231
2904129
3002643
2705547
412963
1758390
1743165
2743470
160825
519
520
2582914
1768242
45677
2709303
945844
863372
1938606
200254
2654218
495
326522
194196
1565605
1288494
915
453162
2777367
2498848
1207075
1758730
2895470
2895476
2961531
1855331
95619
1173273
2879114
2895491
2901380
2954077
2954086
2954091
2971912
3038925
3048630
3074147
3115647
2083053
2512235
1886807
2662033
2823875
2217867
658629
251701
50340
485880
915099
163011
2745518
2502979
122355
2993566
2837969
2964670
2505979
2815720
1785145
1306993
69964
1389223
2834819
2529381
413501
2681308
3077956
1510570
1646377
2576760
3062598
556
29471
2722756
1172565
158841
2172103
2053930
442694
29447
1985254
2072408
2775920
1610576
1609967
29573
491948
383750
1249553
2161747
1445505
2708348
1776741
108980
553982
473531
2498451
1335746
186931
1636608
3028314
2964606
435905
438856
2583805
151081
326544
1603038
1891207
254246
160808
84292
2175621
2935040
2175660
2036
1891671
1926290
2860285
2592654
2886938
2079227
2578107
2886932
2886936
1155384
2995171
566027
556325
1906273
3075619
2975698
2903723
2903814
2903879
3057114
3028709
1265399
2975780
2692235
2903871
2975669
3026192
2721245
2903802
1535304
2975722
2903811
67280
476552
1464011
2906474
2903571
1781
577492
1775
441501
131318
3062461
3058426
2962047
89053
1292359
1701090
84096
3016091
2039870
2903561
2975957
333966
2903899
131110
1884915
319501
1963025
1380685
45634
3029274
1494
1511
1261031
3025190
317936
1353136
195250
713887
2931930
155978
2939437
1889240
274
174
2766701
2875540
2732161
3059026
2845819
312277
2704140
1492737
3003256
2808900
2358479
3038772
2708117
1453352
2562892
480520
2686366
1178825
2745560
2058175
2594004
2173169
2879938
2713414
2838877
2966625
266749
2487072
2976818
2004710
343874
247
2898187
164516
1415657
3141542
1727164
363852
2679963
2557994
34087
2520506
1727163
1379270
2996782
128
1630693
2527980
2527994
225194
138563
28202
88724
2961571
387343
2961994
869889
3033390
1932360
2876193
3031998
337243
2836432
2527867
660522
2949995
2938695
1702103
2599399
224402
1005933
2201
2734268
2956212
2955509
2955754
2734276
3047794
2956327
2938232
3019934
2979330
185588
2785911
2652177
1985873
2954079
1573712
1573711
2745509
1076550
456327
2005046
70856
351052
456
2662262
404582
1406197
2975933
2721244
2903647
1928
67308
875328
1404244
1688404
33907
254785
3034016
320324
2749995
1486245
2767188
1100
2527982
1658616
2495594
1750598
3131999
1510225
2963433
2876194
2955888
3060522
2782629
2592816
2020311
2895568
555319
739141
3080828
2975052
1218315
431306
76588
2558361
1773489
1509244
430531
2814653
2081052
2864217
1920191
321983
1537274
2231055
1737446
492
1689272
2559597
1231
405
2749807
2052956
3058433
1649877
3075220
2073078
2678261
2738843
3135254
2870750
46680
129817
78543
1190415
485870
2738125
2213015
2745504
1415568
2769486
2603215
3139408
551989
2873269
401619
300181
2681984
2774015
351672
1486991
82985
2886359
2730360
2854257
1055104
437505
656
105751
2950074
2864207
2814293
2864204
2518973
2831148
1940690
265668
672
525917
33059
2982533
2175622
1179670
37931
472569
3020906
2975623
2975624
1488356
3062685
2903805
2903714
2975708
2871487
2975745
1908
68174
47716
285562
398694
2778078
2675218
35755
61592
2763010
1232427
357684
2806442
2903558
2903560
1612552
2108470
2921657
2975331
2963105
29379
2819619
2751171
2907159
222819
1173025
32062
167964
2710758
2094
2986835
935222
2986829
2870839
1774273
3047542
256
1705617
2686365
2968490
2686077
279359
3015170
2069432
1803846
1239415
2920935
2920939
1628248
2715131
2516559
2528021
2127060
463192
29543
19
427923
1936021
2894755
109328
1441386
1715989
3032281
2872158
2175149
1017351
348826
2884876
146826
1457250
416273
2271
2926850
1980930
2734291
2844019
1982904
3050288
3047355
2509662
3030529
2683822
497725
2282310
3141541
2799184
2998079
1898684
2773709
476
680
2751178
2557993
585455
227945
1218493
1071078
3139388
1654388
2921610
1519
2999116
2697030
1935
3002901
2823518
321327
1115757
186192
2755405
3003623
29533
1807691
3069118
2527973
851
2996794
2953749
2049887
2936919
1177216
1925548
166485
1884914
110662
573501
28223
2291
1609968
2044521
3140239
3076428
2291939
1076926
2820002
1612624
1674922
2769351
2691913
29459
2185111
481146
446692
65959
2494548
135742
278132
2867021
2867015
2867013
2587858
2161677
2978683
2811788
1819725
401471
1382803
486
2946699
649841
1756993
2420306
2741499
2607663
2970818
2893572
2259638
3130166
40577
2675224
2899657
2954078
3003351
1173288
2664899
1382237
3042028
3090665
75612
2745498
53407
2785331
3035454
1420916
2072409
3027225
2871174
2045451
3075221
1524258
2742796
2033033
1636609
648794
260552
1727196
2814292
60961
404011
2769490
3002962
471
659
668
2823902
406020
1689834
1898738
2175641
2079575
2879618
2830994
2886940
3111450
1671
85085
2719588
2173174
36740
2770551
2903829
2094021
2838850
2801033
2975724
1972846
2975697
2306165
2903667
285473
67260
2738409
2943498
36814
2976004
2795031
191292
1072256
2594913
2878678
2968086
1874
2906497
3015166
76021
75294
2789425
2979727
1536771
1452732
160799
1451
3125777
200991
1851505
1751286
1306274
224012
1357545
747522
1416614
379064
3003263
1114861
107401
574710
2126553
979
2496865
320912
2926907
1486034
1218801
2478663
3116594
112234
1385664
2861765
3138568
459529
125
3119568
2528019
231439
184917
899
2234087
940615
2961939
2257
2962673
2949993
2055893
2937524
1008152
2993314
2242
1873524
184117
2955994
2955592
2805839
2956237
2681307
133448
1201031
634
2923283
254839
157339
2778911
221402
2795724
2793103
1592897
607711
1549855
2601575
2599641
402236
2722825
1778678
2546366
1397703
2777186
2759528
880
1851148
2880008
100177
2355
2424
522485
3020899
53374
3074378
1990687
257984
1667
1118963
2931974
3033809
2903826
2975684
2975744
595468
3015149
2598457
1902136
3098075
2690380
1138822
2060307
1834189
421767
2895522
58138
2764711
2881428
1050714
2974039
216931
3066291
315358
2113
1182568
2962597
3136561
3048607
676210
3133144
3043448
3034675
3049542
1659194
1534110
2926671
2864101
2866807
2867408
2895475
2895472
2841064
2056231
2842348
554344
1749259
2929512
710648
2908637
2725684
2929515
2545797
202956
2943497
1789224
1871111
202951
2529843
202950
2904120
2904123
2904122
29433
2876620
2996112
2898725
158850
235559
2040586
2954546
3051120
3051123
2781024
2951138
2982691
2992802
491950
511062
2820817
562716
3071082
43658
176102
2961619
2864205
70864
150120
2552945
1759089
135577
86102
1516059
2518989
2572923
45495
2687299
454
450
1144748
261965
2991054
2953809
2918755
2966554
3022126
1743174
1561003
485
153491
2739434
2508306
1456591
2709390
2025876
2746225
2856519
3003258
2897181
1306519
1312072
2818493
1336802
104270
2929799
3115152
1930277
1909699
1325564
2665156
75906
1380432
699433
301375
3050252
2955234
2955232
2734133
2560395
1678078
2866199
3138065
2819999
2506430
34020
2723402
1149953
236
807
1346319
416344
3080498
576611
2126319
847
2806263
641148
252130
155925
35799
3118751
658630
2054914
2871493
2545800
2587597
76759
3043408
158627
50741
2494702
1439319
1345117
2547962
68334
3028622
470932
2949614
351679
2259622
2871169
2072412
1827285
44935
332186
755175
238836
271097
1096243
1631968
190893
2077090
2899122
1173101
2175632
2986279
2879620
3101753
100225
2975760
3039421
2563602
1218177
2975878
2692233
2975882
2933779
2987533
2605730
2903686
2903713
2975750
1818004
560555
2492438
110539
1795032
2594007
2976005
1727214
1807790
2080757
648999
2921667
2921370
1636720
1281
3034233
1481672
1080068
1442557
1166
2099387
146786
1917830
1137606
2249356
1908341
2980554
906888
270918
2653681
3063533
2997336
2487065
316068
2991499
3127472
2907623
2795738
274539
2528005
2527983
2596890
2728835
57320
1741
203
1849015
291048
1323948
29284
1073996
1048396
1710539
121872
588898
3032584
3111776
2747817
1586233
2934340
2784880
2199
277988
163003
2234
13773
312539
1874277
1034015
2594042
2927284
2560335
279280
3060049
2734129
3050305
1985284
3078442
2866193
3039160
348824
1177712
2854261
1678028
2895485
2939495
1703250
1329841
2291597
2576841
2733484
2944933
2779363
192073
2689569
2681310
2211106
28885
2305221
2903839
2903645
2903716
92644
75291
2954686
2975339
927786
2614441
996
3018314
3053613
2956784
2564040
3026424
387093
2835041
2739057
39669
3059798
2733941
367825
2705548
2825975
2590776
3141543
104623
664683
3133976
2912314
92245
1542390
2822844
777
930
66428
1442551
1442555
2906077
1617283
3070659
232259
2527964
2986929
158892
426117
1263979
2562582
2508307
2867014
91604
326454
2576930
1743168
90060
3095607
2169583
1259844
2895474
2025658
2842350
1274359
490759
2724469
614
552
516075
232346
1031538
1052
3032582
260364
1918946
2819096
198832
2795687
2495430
3004095
2742133
2420135
2975681
1661694
2975962
2054902
3016094
2993430
1712516
3098077
152268
45972
2546351
1914871
3016339
3003262
2893884
76594
1622118
558152
2772483
3023936
2976983
2821543
114529
882104
176309
54077
2845655
2845650
2866201
2836161
2787706
2575375
1231049
82983
1827300
2894079
2004646
1776742
29430
60217
2864212
2259620
1516159
2603296
417368
2842457
2070463
33938
1449
1844999
2507162
1190508
1855377
2675331
2927224
712357
2844185
3076429
1703969
555321
409
1844051
2777943
2777942
2018065
2813843
2576928
3047867
1835254
3112107
1871109
505
2741553
2933816
2605424
1500687
2018067
2126069
658641
1173270
2895477
1940636
2853159
2961995
2067958
472834
2890317
2878098
78398
568766
2218628
2724123
2303750
1761789
2661553
178399
1234143
1229
1076588
454662
24
2590884
2822847
2822846
1632866
1758189
2812647
1803865
2911526
920
2864103
232537
2590775
2755560
935199
2749906
2683591
2698900
2975929
349971
2903663
206662
2975758
2609809
2903610
2975938
1881022
1940
2792013
3031113
1870995
1536769
1428684
2940297
1870984
2572090
28072
2857077
88058
3051176
2977321
907046
55197
2022337
2058135
2980107
2282170
59733
2878534
1186051
3059076
3138567
2864201
2992242
316277
60893
913109
827
2231053
2026885
13769
2814576
2203
110164
2598455
2190
1510466
3060366
2955364
2956092
2599866
548914
1586714
1349410
2951085
2942452
33991
2081041
1232667
2588534
2855434
2083052
2067572
1500686
330734
935293
1827305
1504981
2014541
999141
3105867
2778052
359370
271065
2692624
2652721
2751179
2856608
2879622
2879621
1702043
2913412
2594459
2975915
2975631
2975791
67384
156453
2842201
43990
2684406
2975949
128574
3050112
2502791
459472
1244
2978474
114885
1896175
2686361
2738844
328515
323273
1191912
2594269
2859768
1891926
2810563
1176482
309806
35786
1448929
1552990
3117733
160233
2955335
2898151
1980001
2903825
2975913
2594461
3070682
2172099
787
1855646
2679995
712310
2866570
712150
739
97481
653940
157673
1796644
109472
2675710
2153385
2936799
585
183417
171438
3041619
367190
671990
2338073
1639108
3074822
1891675
2991500
2204145
256325
2996862
2929514
1636603
2871688
2923375
2913495
2136182
2654238
2589987
2698686
518738
359303
2018305
166935
1190813
2572577
2686359
3053655
182262
2054316
2912315
2714948
2993714
28173
2711221
62763
687
114054
553239
875932
2829502
1737490
2949997
412034
2995413
2937985
2912188
28091
640030
483
326523
265175
1581680
669502
2022656
1225337
3077584
712623
2598453
2759692
2576376
2972784
3028083
3098076
1345
3048891
2921670
1286
1284
54913
29391
84135
45363
1124835
2929800
2820270
2038776
2487074
1585976
2583851
2497989
1458492
3025667
662858
1295609
1462615
1424653
2571116
38027
1604004
294671
2894753
3118752
2054915
76885
181555
2954087
106649
715451
2819100
3034029
1049583
2975879
2903673
65058
2024615
912801
119858
2924032
2950604
2929481
356322
40091
446679
2986834
3025668
1935204
76857
51589
83986
1175445
2584467
3060320
201847
2006133
2885983
2734215
2975673
2903765
2498113
1608473
70348
1324350
2721545
594679
1273132
2500548
933262
407392
2956063
2806609
2268087
2954090
2005388
2892442
528343
2565914
2489010
568768
2682487
2778051
1173586
3142634
132919
2903595
3039400
1925020
1179777
57372
2878255
2918899
2058137
1476901
2497456
2516557
2979869
29520
265606
3060326
3060350
2956271
2560595
2081049
2576923
1170710
2058152
1144323
3048627
2895489
200454
2859001
2565559
314281
2014742
2054173
161213
2705439
3033810
2975747
2903775
2777984
243899
264686
171291
3048589
2952228
3053904
2982871
1986034
1910969
2830993
1796
1912795
1884907
1884904
284581
70258
1387557
1050655
52443
2558174
950
2916816
754397
229155
3020900
2715679
940
960
93466
46541
1332188
94694
1637831
1855619
1796652
2083054
1636610
1905288
2485124
550984
1666906
3075222
2715163
2183582
2839024
954
2903681
2885078
2975345
2738867
3136731
76335
984207
1050635
1442553
2139
2994319
1354726
2656760
1123043
213
204
139438
188913
2173
3060814
1573458
2748760
3050292
1945586
2169966
85701
2732364
2576932
2699468
2995414
2821559
2587529
2831896
215689
2282124
2864202
60480
225848
182141
2743575
45065
1477518
1096868
3015150
1869241
2608982
2773299
2976982
2978283
3031996
42879
2734264
2956211
3060038
942880
3081222
2929798
2903674
2903793
2903780
1503041
1884916
1940319
2792479
2998077
94138
1871624
414778
1852374
1050624
585425
2145
48003
395631
1929246
1028414
2930198
3027470
3003392
1839785
1572645
990268
2593655
2935863
254247
56426
72
1979344
1763534
3070660
3075823
2886510
1094
83552
45656
198
1912871
35817
2740404
143
101192
2874846
1353260
497727
2955578
2955392
1933904
111504
3048493
2867026
2785912
1525218
782
887061
2807620
2976883
2895484
1837993
2994495
29438
2942628
2742639
1848517
3024247
3141540
470933
2883107
1715285
2599307
2079596
2283318
2864209
2864208
3135644
69539
2841925
3096010
3042026
2903771
2903656
2975906
2975699
2975845
2975291
2921530
59932
1165
1173026
29556
3077735
754417
59600
1729720
1836467
281120
3077941
1813595
57487
2953753
126734
2162
2282148
2955425
2846393
2560782
279383
1945584
2975350
2954726
161154
216946
2715164
3077944
2039166
293091
2831891
2490851
2058322
261164
28172
2903773
2903683
519472
59310
1628059
181655
484
1056807
2678258
147212
2895487
1524461
53409
2316085
354
2488567
2781952
634113
628
1630141
621376
29497
549298
2975922
3108484
2903705
2782013
1442159
2742134
1905
2903576
1723645
51101
550542
2051906
1224749
1400864
1178
2749432
1964448
3100176
983548
291845
157691
195522
2844383
2995174
888436
2003370
1705394
28110
2865840
2916754
2057808
1848904
2846206
696485
206
436114
2955229
2956830
28214
2834406
2282309
66269
2163016
2662448
565560
173559
1096856
585423
2710596
3127471
3034024
2734240
1318743
3066221
2940489
1855616
556054
2944392
2895496
691437
866786
1353134
2546356
2686363
2527976
362787
58180
178606
2809031
1325083
693750
104102
2898483
2886360
2067959
1081631
488142
3021011
2975778
2903761
2975936
379067
3029399
2932255
2954685
2331
29324
2099
266748
1785996
861
603050
2579250
69499
184064
53953
10704
1982751
3050322
2107707
2969431
399742
2681309
1778263
2004647
1891186
2588449
2487929
570278
285983
2921556
2921554
166309
2787751
75658
84377
3034025
2844147
1149952
44577
2861799
2903873
1421
69966
59512
2608253
458033
2652405
214473
1173284
693153
1028752
2686358
35795
1921087
326320
2509664
1755504
3035453
293371
2836366
285530
2955382
2956649
786
1855652
1743162
17
2895483
2813842
53410
2799495
1987921
3035288
2058324
170673
2479546
1968788
2975666
2987521
1612551
2921422
417367
2936507
1160
2986838
3034146
2684113
269261
97084
1660083
1983119
2844661
2734130
2955887
2903700
35773
700220
1821960
2893471
89586
28197
2893889
3118160
2956303
2956301
2955550
2768165
1173283
1855909
2998559
1868135
212667
42239
1921018
2954085
2175644
2528007
198252
1758395
1869339
1576550
2749808
2479393
2965074
2509666
2803864
3079555
412965
2997335
2903679
2975753
2903770
1495638
2805427
3049075
33040
221350
2585771
2932253
76517
57705
61858
394967
58290
2606912
2259673
2956390
2956579
2956563
2956443
2734255
1920423
2223
83984
2681861
887059
2009331
2975298
1071080
2487276
2672567
2590012
38875
2963940
371036
3020908
373067
2799680
2989768
71237
1903056
360911
2714949
1612
231049
3109030
2749962
2800128
174587
1702238
1970093
2293317
1460447
3062782
2801918
512749
2735436
33923
316279
3096217
2745895
2725997
2742661
2742677
1920110
2807631
2851540
2897413
2815206
2675726
2267618
2912628
3073865
3029761
2705458
2742673
2894203
2497436
1920114
134287
251538
2864218
3026967
638
2654189
2778550
3095074
2762896
3042029
645292
520056
2884805
1573720
2986074
2954099
2609418
2738126
3114884
1495066
413401
104609
40269
2925837
394751
2007306
66969
34021
1812112
2601646
2163644
2601668
1160784
2855841
1685010
135569
1583098
2734248
1914856
452627
2975727
2668067
2770234
216932
2779362
221027
2956307
2866200
891
2083051
2954080
1390185
267375
936476
1462527
3034674
2734132
2734131
444163
1177213
573569
2175673
2903611
2903823
3015160
996558
1080223
3050260
649161
3070661
262503
2926710
2921628
2823109
288004
155894
3028295
2734027
1824638
3059082
2059875
2975703
3047872
143361
116090
333965
1921565
2050967
2717374
2829569
190895
28171
1348114
1563703
349064
265883
2746060
120576
2576917
1756150
2003121
374106
1434100
1273541
2495429
1902
29329
1188228
1749074
2866211
803
2614801
1448857
2740405
2714855
1508420
2707174
3073862
1761794
2791037
1280380
1006576
55802
3066270
3066262
419257
631
3039408
682410
2975640
1476754
644410
2975317
2128
39768
3059077
83554
248039
1937004
2846050
1945582
2610896
1839799
2899133
3050383
2932268
2421
1126
687844
1420727
3031125
1542
1647471
1993867
2560778
3050355
317660
3109594
2008440
54256
2576839
2956033
2029986
1647413
2740515
